0 1 5
0 16 4
1 2 7
1 17 5
2 3 5
2 18 3
3 4 8
4 5 1
4 20 2
5 21 8
6 7 3
6 22 7
7 8 4
8 24 5
10 11 5
10 26 1
11 12 9
12 13 5
13 29 4
14 15 4
14 30 7
15 31 6
16 17 1
17 33 4
18 19 8
18 34 3
19 20 7
19 35 6
20 21 8
20 36 2
21 37 10
22 23 3
23 24 10
24 25 6
24 40 1
25 26 1
25 41 7
26 27 8
26 42 7
27 28 10
27 43 1
28 29 8
28 44 5
29 30 7
29 45 1
30 31 1
30 46 6
31 47 6
32 33 5
32 48 10
33 34 3
33 49 1
34 35 6
34 50 4
35 36 5
36 37 3
36 52 4
37 38 6
37 53 7
38 39 6
39 40 1
40 41 9
41 42 5
41 57 3
42 43 8
42 58 5
43 59 9
45 46 1
45 61 9
46 62 6
47 63 7
48 49 6
48 64 2
49 50 7
51 52 8
51 67 4
52 53 6
52 68 1
53 69 6
55 56 2
56 57 5
56 72 3
57 58 1
58 59 5
58 74 8
59 60 10
59 75 6
60 61 3
60 76 6
61 77 2
62 63 7
62 78 6
63 79 7
64 65 2
64 80 4
65 66 7
66 67 8
66 82 1
67 68 10
67 83 6
68 69 1
68 84 7
69 70 9
69 85 1
71 72 3
71 87 10
72 73 10
73 89 7
74 75 2
74 90 2
75 76 5
75 91 4
77 78 8
78 79 8
78 94 6
79 95 5
80 81 4
80 96 9
81 82 6
81 97 6
82 98 7
83 84 1
83 99 4
84 85 5
85 86 5
86 87 9
86 102 7
87 88 2
87 103 2
88 104 9
89 90 9
89 105 7
90 91 7
91 92 5
91 107 9
92 93 9
93 94 5
93 109 10
94 95 7
96 97 4
96 112 1
97 98 1
98 99 6
98 114 7
99 115 8
100 116 7
101 102 5
101 117 8
102 103 9
102 118 3
103 104 5
104 105 5
104 120 6
105 106 3
105 121 2
107 108 10
108 109 7
108 124 7
109 125 9
110 111 6
111 127 2
112 113 4
112 128 7
113 114 8
114 115 9
114 130 8
115 131 5
116 132 5
117 133 1
118 119 9
119 120 10
119 135 6
120 121 2
121 137 6
122 123 6
122 138 2
123 139 9
124 125 3
124 140 9
125 126 4
125 141 4
126 142 9
128 129 6
128 144 6
129 145 4
130 146 1
131 147 7
133 149 3
134 135 5
134 150 5
135 136 7
135 151 7
136 137 8
136 152 6
138 154 9
139 140 9
139 155 4
140 141 3
141 142 9
141 157 9
142 143 5
142 158 3
143 159 4
144 145 4
144 160 9
145 146 8
147 148 1
148 164 6
150 166 10
151 152 10
151 167 5
152 153 10
153 154 4
153 169 4
154 155 6
155 156 4
155 171 10
156 157 4
156 172 10
157 158 9
158 159 7
158 174 2
159 175 10
160 176 2
161 177 8
162 178 4
163 164 8
163 179 2
164 165 7
164 180 8
165 166 8
165 181 1
166 167 9
167 168 1
167 183 7
168 169 10
169 170 2
169 185 1
170 171 4
170 186 3
171 172 10
171 187 9
172 173 7
174 190 9
175 191 8
176 192 6
177 178 4
178 179 7
178 194 8
179 180 1
179 195 4
180 181 2
181 197 10
182 183 5
183 184 6
183 199 7
184 185 2
184 200 9
185 186 10
185 201 9
186 187 2
186 202 7
187 188 4
188 189 5
189 190 6
189 205 5
192 208 9
193 194 1
193 209 8
195 196 5
195 211 10
197 198 3
197 213 6
198 214 7
199 215 3
200 201 8
200 216 10
202 203 7
204 205 10
204 220 7
205 206 3
206 207 4
207 223 7
208 209 3
208 224 2
209 210 3
209 225 1
210 226 6
211 227 1
212 213 3
212 228 7
214 215 5
214 230 3
215 216 4
216 217 9
217 233 3
218 219 6
219 235 5
220 221 8
220 236 1
221 222 5
222 223 5
222 238 2
223 239 5
225 241 3
226 242 9
227 228 4
228 244 10
230 231 6
231 247 9
232 248 8
233 234 6
233 249 6
234 235 3
234 250 3
235 236 3
236 252 9
237 238 8
238 239 3
238 254 7
240 241 5
241 242 2
245 246 9
246 247 7
248 249 3
250 251 9
8 9 6
54 38 5
116 117 7
229 245 9
237 253 8
255 254 5
243 244 10
94 110 7


